FR0000121261;16/09/19;103.35;103.95;102.20;103.00;464939
FR0000121261;17/09/19;102.45;102.75;100.85;101.85;622187
FR0000121261;18/09/19;101.75;103.80;101.25;102.45;399537
FR0000121261;19/09/19;102.30;103.70;101.75;103.65;600434
FR0000121261;20/09/19;103.30;104.00;102.15;102.45;940113
FR0000121261;23/09/19;101.85;102.25;100.20;101.20;415019
FR0000121261;24/09/19;101.05;101.70;100.10;100.25;356121
FR0000121261;25/09/19;99.94;100.45;97.90;99.82;616152
FR0000121261;26/09/19;100.05;101.60;99.62;100.35;337104
FR0000121261;27/09/19;101.15;102.00;100.55;101.40;373376
FR0000121261;30/09/19;101.05;102.85;100.90;102.40;477094
FR0000121261;01/10/19;103.15;103.90;101.60;102.25;530393
FR0000121261;02/10/19;102.15;102.50;98.60;98.66;621617
FR0000121261;03/10/19;98.66;98.66;96.68;97.54;474220
FR0000121261;04/10/19;98.08;98.14;96.04;97.50;575289
FR0000121261;07/10/19;97.10;98.12;96.36;97.88;366923
FR0000121261;08/10/19;97.60;97.96;95.68;96.20;511496
FR0000121261;09/10/19;96.08;97.94;95.70;96.76;464182
FR0000121261;10/10/19;97.00;98.96;96.58;98.58;432579
FR0000121261;11/10/19;99.24;101.30;98.92;101.20;431554
FR0000121261;14/10/19;100.85;102.95;100.15;102.95;462468
FR0000121261;15/10/19;103.40;105.15;102.60;104.75;533077
FR0000121261;16/10/19;104.25;105.55;103.65;105.45;414441
FR0000121261;17/10/19;104.95;106.40;104.40;104.50;431181
FR0000121261;18/10/19;102.00;103.20;100.65;102.45;675154
FR0000121261;21/10/19;102.80;104.35;102.60;103.60;429905
FR0000121261;22/10/19;103.85;105.20;102.85;105.20;625095
FR0000121261;23/10/19;103.50;104.45;102.75;103.20;517487
FR0000121261;24/10/19;103.55;104.95;101.05;101.20;679877
FR0000121261;25/10/19;103.50;107.45;103.25;107.30;883032
FR0000121261;28/10/19;107.40;112.75;107.35;112.45;936077
FR0000121261;29/10/19;112.00;112.45;111.05;112.20;640272
FR0000121261;30/10/19;112.15;112.85;107.55;108.30;648235
FR0000121261;31/10/19;108.95;109.90;106.45;109.10;738569
FR0000121261;01/11/19;109.55;111.25;109.05;111.20;517785
FR0000121261;04/11/19;111.80;114.40;111.60;114.25;795235
FR0000121261;05/11/19;114.55;116.80;114.40;116.15;875551
FR0000121261;06/11/19;116.15;116.40;115.20;115.75;557487
FR0000121261;07/11/19;116.40;119.50;116.35;116.95;666504
FR0000121261;08/11/19;116.40;116.50;115.15;116.15;406654
FR0000121261;11/11/19;115.35;116.15;114.70;115.50;393440
FR0000121261;12/11/19;115.80;116.35;114.75;115.45;347911
FR0000121261;13/11/19;114.90;114.95;112.65;113.40;582406
FR0000121261;14/11/19;112.50;112.90;111.60;112.00;643205
FR0000121261;15/11/19;112.95;113.80;112.70;113.40;367072
FR0000121261;18/11/19;113.35;113.45;111.45;112.00;373010
FR0000121261;19/11/19;112.20;114.45;111.85;112.45;403949
FR0000121261;20/11/19;111.50;112.15;110.60;111.95;368087
FR0000121261;21/11/19;110.80;112.00;110.25;111.20;347924
FR0000121261;22/11/19;111.15;112.55;110.55;111.90;302558
FR0000121261;25/11/19;112.45;113.25;111.85;112.60;258236
FR0000121261;26/11/19;111.70;112.70;111.00;111.25;768843
FR0000121261;27/11/19;112.00;113.00;110.70;110.70;501288
FR0000121261;28/11/19;110.45;110.85;109.65;110.85;350819
FR0000121261;29/11/19;110.30;110.80;108.90;108.90;312073
FR0000121261;02/12/19;109.15;110.40;107.05;107.30;627117
FR0000121261;03/12/19;104.50;107.15;103.15;105.50;695875
FR0000121261;04/12/19;105.30;106.70;104.75;105.60;541191
FR0000121261;05/12/19;106.00;107.35;105.20;106.50;512612
FR0000121261;06/12/19;106.90;109.25;106.70;108.80;497519
FR0000121261;09/12/19;108.80;109.15;108.05;108.05;365274
FR0000121261;10/12/19;107.65;108.65;106.20;108.65;506713
FR0000121261;11/12/19;108.45;110.15;108.05;110.05;499000
FR0000121261;12/12/19;110.05;111.20;108.25;110.65;549898
FR0000121261;13/12/19;113.20;113.70;111.00;111.15;532900
FR0000121261;16/12/19;111.65;113.20;111.40;112.75;417056
FR0000121261;17/12/19;113.05;113.45;112.00;112.60;355036
FR0000121261;18/12/19;112.90;113.15;109.95;110.60;487670
FR0000121261;19/12/19;110.75;111.05;109.85;111.05;356255
FR0000121261;20/12/19;110.80;111.30;109.40;110.55;691516
FR0000121261;23/12/19;110.40;110.90;109.65;110.20;203516
FR0000121261;24/12/19;110.00;110.45;109.25;109.25;110943
FR0000121261;27/12/19;109.60;110.10;109.25;109.70;292245
FR0000121261;30/12/19;109.15;109.40;108.05;108.05;187958
FR0000121261;31/12/19;108.00;109.10;107.85;109.10;112573
FR0000121261;02/01/20;109.70;110.10;108.35;108.45;322379
FR0000121261;03/01/20;107.90;107.90;106.60;107.80;314537
FR0000121261;06/01/20;106.75;107.80;105.95;107.75;392125
FR0000121261;07/01/20;107.70;108.95;107.55;108.05;386520
FR0000121261;08/01/20;107.05;111.00;107.00;110.25;422039
FR0000121261;09/01/20;111.20;111.90;110.50;110.75;438219
FR0000121261;10/01/20;110.75;111.40;109.95;110.95;369640
FR0000121261;13/01/20;111.80;112.25;110.15;110.80;387864
FR0000121261;14/01/20;111.05;111.40;109.45;110.90;383606
FR0000121261;15/01/20;111.00;111.60;108.30;108.30;590090
FR0000121261;16/01/20;108.45;108.50;106.10;107.85;472191
FR0000121261;17/01/20;108.40;110.25;108.25;110.00;424715
FR0000121261;20/01/20;110.00;111.55;109.70;111.55;336132
FR0000121261;21/01/20;110.40;112.80;109.80;111.25;400332
FR0000121261;22/01/20;111.60;112.60;109.30;109.45;451535
FR0000121261;23/01/20;109.10;109.95;107.15;107.15;472240
FR0000121261;24/01/20;106.70;108.20;106.30;106.70;581710
FR0000121261;27/01/20;105.00;105.50;103.75;104.15;699604
FR0000121261;28/01/20;104.55;106.85;104.15;106.15;612225
FR0000121261;29/01/20;106.15;108.90;106.00;108.00;539440
FR0000121261;30/01/20;106.45;107.45;105.55;106.55;457219
FR0000121261;31/01/20;107.10;107.80;104.65;105.00;573763
FR0000121261;03/02/20;105.50;106.65;104.75;105.20;388411
FR0000121261;04/02/20;105.75;107.35;105.30;106.30;489857
FR0000121261;05/02/20;106.20;109.15;105.75;107.40;706607
FR0000121261;06/02/20;105.50;108.50;105.30;106.45;621331
FR0000121261;07/02/20;106.00;107.20;105.65;106.85;527264
FR0000121261;10/02/20;106.15;107.75;106.15;106.75;436051
FR0000121261;11/02/20;104.65;107.05;102.45;103.50;1042302
FR0000121261;12/02/20;104.30;109.95;103.40;109.95;841464
FR0000121261;13/02/20;109.00;110.10;107.20;108.85;697802
FR0000121261;14/02/20;108.60;110.45;108.10;108.80;410551
FR0000121261;17/02/20;110.45;112.25;109.80;112.25;617576
FR0000121261;18/02/20;111.10;111.95;110.65;110.70;600571
FR0000121261;19/02/20;111.00;111.55;109.20;109.95;437696
FR0000121261;20/02/20;109.65;111.45;109.05;110.35;458011
FR0000121261;21/02/20;109.85;110.55;108.75;109.55;549099
FR0000121261;24/02/20;106.65;106.90;103.95;104.40;983600
FR0000121261;25/02/20;104.70;104.95;100.85;101.45;963457
FR0000121261;26/02/20;100.50;102.40;98.30;101.80;922948
FR0000121261;27/02/20;99.42;101.70;98.34;99.98;930148
FR0000121261;28/02/20;96.36;98.22;94.92;96.24;1344735
FR0000121261;02/03/20;97.78;98.46;93.98;95.68;846448
FR0000121261;03/03/20;96.78;98.98;95.50;95.92;703725
FR0000121261;04/03/20;96.52;97.54;95.68;97.18;809475
FR0000121261;05/03/20;97.68;97.68;93.52;93.52;840252
FR0000121261;06/03/20;91.66;93.72;90.34;93.20;1026435
FR0000121261;09/03/20;88.00;90.40;86.92;87.18;1634774
FR0000121261;10/03/20;88.50;91.10;85.22;85.46;1374572
FR0000121261;11/03/20;86.74;88.56;85.46;86.06;882301
FR0000121261;12/03/20;81.06;82.66;73.58;73.58;1831453
FR0000121261;13/03/20;76.68;81.20;73.40;75.22;986109
FR0000121261;16/03/20;72.00;73.80;68.00;70.98;1492964
FR0000121261;17/03/20;74.10;76.74;69.70;73.18;972036
FR0000121261;18/03/20;72.70;75.06;70.42;71.50;929031
FR0000121261;19/03/20;71.08;75.30;70.00;72.88;747819
FR0000121261;20/03/20;76.72;77.00;72.56;75.14;1405861
FR0000121261;23/03/20;71.22;75.08;71.04;71.24;697357
FR0000121261;24/03/20;73.66;76.34;71.98;76.34;870055
FR0000121261;25/03/20;78.58;82.60;75.60;80.36;809252
FR0000121261;26/03/20;77.04;80.02;76.16;79.86;583738
FR0000121261;27/03/20;77.74;79.62;74.88;75.96;616645
FR0000121261;30/03/20;76.00;77.66;72.64;76.48;429519
FR0000121261;31/03/20;77.50;81.34;77.06;81.06;776075
FR0000121261;01/04/20;79.38;82.44;76.60;79.84;640670
FR0000121261;02/04/20;80.34;81.26;78.36;79.08;672409
FR0000121261;03/04/20;78.68;81.46;76.80;77.88;857918
FR0000121261;06/04/20;79.38;83.12;79.36;83.12;538676
FR0000121261;07/04/20;85.02;89.72;84.28;86.06;825194
FR0000121261;08/04/20;88.00;88.86;85.10;87.90;445753
FR0000121261;09/04/20;89.74;89.90;85.04;87.04;388060
FR0000121261;14/04/20;88.24;89.10;84.96;85.02;479195
FR0000121261;15/04/20;84.04;85.14;82.20;82.20;464711
FR0000121261;16/04/20;82.60;84.26;81.74;84.26;426408
FR0000121261;17/04/20;85.84;90.48;85.32;88.66;667321
FR0000121261;20/04/20;88.98;89.04;86.60;86.94;411874
FR0000121261;21/04/20;85.84;87.58;84.60;84.66;362597
FR0000121261;22/04/20;85.64;85.72;83.14;83.78;341972
FR0000121261;23/04/20;83.88;84.88;81.94;82.24;400657
FR0000121261;24/04/20;80.18;84.12;79.64;82.40;332224
FR0000121261;27/04/20;84.66;88.18;83.82;87.88;479490
FR0000121261;28/04/20;86.92;90.00;86.46;87.52;436368
FR0000121261;29/04/20;87.52;90.72;87.40;90.12;407656
FR0000121261;30/04/20;91.92;93.60;88.56;89.10;628536
FR0000121261;04/05/20;85.22;85.94;83.36;83.82;466664
FR0000121261;05/05/20;85.16;85.98;84.32;85.76;296974
FR0000121261;06/05/20;86.00;87.86;85.36;86.46;372266
FR0000121261;07/05/20;86.46;88.06;84.94;87.36;314094
FR0000121261;08/05/20;88.40;90.40;87.58;89.28;187720
FR0000121261;11/05/20;89.66;90.44;86.98;87.12;300257
FR0000121261;12/05/20;87.02;87.36;86.50;86.94;248149
FR0000121261;13/05/20;86.02;86.36;82.94;83.42;371390
FR0000121261;14/05/20;82.20;82.58;79.20;81.40;445722
FR0000121261;15/05/20;82.22;83.82;81.08;82.18;376919
FR0000121261;18/05/20;83.66;88.60;83.66;88.60;495394
FR0000121261;19/05/20;89.28;90.10;87.30;88.20;718685
FR0000121261;20/05/20;87.30;88.20;85.52;86.66;520825
FR0000121261;21/05/20;85.70;87.40;84.62;85.90;339095
FR0000121261;22/05/20;84.70;87.64;84.22;86.78;312723
FR0000121261;25/05/20;87.68;88.10;86.68;88.02;181162
FR0000121261;26/05/20;89.00;89.50;87.62;88.38;569195
FR0000121261;27/05/20;88.26;94.94;87.60;93.72;912530
FR0000121261;28/05/20;95.40;95.94;93.72;94.18;639087
FR0000121261;29/05/20;92.90;93.40;90.30;90.86;1067800
FR0000121261;01/06/20;92.56;93.16;90.18;93.00;507802
FR0000121261;02/06/20;93.50;96.08;93.38;94.32;746992
FR0000121261;03/06/20;95.98;99.58;95.14;99.58;998681
FR0000121261;04/06/20;98.12;99.04;96.12;97.04;908873
FR0000121261;05/06/20;97.80;101.80;96.92;101.80;1184585
FR0000121261;08/06/20;100.65;101.50;98.36;98.48;704652
FR0000121261;09/06/20;99.10;99.88;96.38;97.52;714856
FR0000121261;10/06/20;97.00;97.48;93.14;93.98;905924
FR0000121261;11/06/20;92.20;92.26;88.56;88.56;716415
FR0000121261;12/06/20;87.68;91.36;87.60;89.94;624554
FR0000121261;15/06/20;87.40;90.18;87.10;89.62;482461
FR0000121261;16/06/20;92.16;92.82;89.96;91.60;543890
FR0000121261;17/06/20;91.32;93.46;90.54;91.56;594298
FR0000121261;18/06/20;90.86;91.50;88.32;88.82;628563
FR0000121261;19/06/20;90.34;90.88;88.40;88.76;1110475
FR0000121261;22/06/20;87.62;91.52;87.14;90.54;576949
FR0000121261;23/06/20;91.36;94.10;90.90;93.34;636042
FR0000121261;24/06/20;92.76;93.18;89.90;89.90;591069
FR0000121261;25/06/20;89.62;92.52;88.24;92.06;474628
FR0000121261;26/06/20;92.94;93.44;91.36;92.26;407962
FR0000121261;29/06/20;91.72;94.08;91.50;93.70;454847
FR0000121261;30/06/20;93.72;94.10;91.38;92.34;411044
FR0000121261;01/07/20;90.28;91.14;89.04;90.38;515697
FR0000121261;02/07/20;91.40;94.80;90.88;93.52;617723
FR0000121261;03/07/20;93.54;94.10;91.40;91.54;255745
FR0000121261;06/07/20;93.72;94.90;93.10;93.92;427049
FR0000121261;07/07/20;93.60;94.46;92.92;93.48;292707
FR0000121261;08/07/20;92.92;93.52;91.34;91.44;448686
FR0000121261;09/07/20;92.90;93.36;91.14;91.20;309938
FR0000121261;10/07/20;90.50;93.36;90.08;93.36;376856
FR0000121261;13/07/20;94.30;94.84;92.70;93.12;286471
FR0000121261;14/07/20;91.90;93.00;91.24;92.56;381550
FR0000121261;15/07/20;93.18;94.36;92.44;93.38;524138
FR0000121261;16/07/20;93.12;94.36;92.50;93.12;250708
FR0000121261;17/07/20;93.78;94.62;92.78;94.00;498665
FR0000121261;20/07/20;93.78;95.36;92.70;94.58;351189
FR0000121261;21/07/20;95.20;96.98;94.72;96.84;556262
FR0000121261;22/07/20;95.30;96.00;93.32;93.78;509536
FR0000121261;23/07/20;94.46;96.80;94.46;95.24;340389
FR0000121261;24/07/20;94.00;94.56;92.08;92.38;402911
FR0000121261;27/07/20;92.76;93.54;91.44;93.28;412765
FR0000121261;28/07/20;93.64;94.58;91.56;92.44;372975
FR0000121261;29/07/20;92.32;92.42;90.44;90.84;359108
FR0000121261;30/07/20;90.94;91.00;88.90;90.60;651806
FR0000121261;31/07/20;90.48;90.64;88.34;88.34;721724
FR0000121261;03/08/20;88.34;91.00;87.58;90.46;471528
FR0000121261;04/08/20;91.34;92.04;90.56;91.68;325653
FR0000121261;05/08/20;92.40;93.30;91.98;92.90;374435
FR0000121261;06/08/20;92.98;93.30;91.42;91.42;302299
FR0000121261;07/08/20;91.28;91.68;90.00;91.18;208427
FR0000121261;10/08/20;91.48;92.34;91.02;92.34;220216
FR0000121261;11/08/20;93.26;95.88;93.26;95.50;490621
FR0000121261;12/08/20;95.50;97.98;95.14;97.26;491927
FR0000121261;13/08/20;96.62;97.84;96.46;96.54;238774
FR0000121261;14/08/20;96.44;96.44;94.82;96.30;255034
FR0000121261;17/08/20;96.00;96.46;95.34;95.84;224293
FR0000121261;18/08/20;95.12;96.80;94.74;95.78;281378
FR0000121261;19/08/20;95.50;96.30;95.18;95.56;377405
FR0000121261;20/08/20;94.54;94.84;93.76;94.00;349018
FR0000121261;21/08/20;94.48;94.78;92.46;93.36;361644
FR0000121261;24/08/20;94.14;95.60;94.14;95.02;630692
FR0000121261;25/08/20;95.40;96.88;95.40;96.16;443954
FR0000121261;26/08/20;95.74;97.38;95.22;97.32;308079
FR0000121261;27/08/20;97.44;98.22;96.42;96.44;324364
FR0000121261;28/08/20;96.52;96.90;95.42;95.50;220577
FR0000121261;31/08/20;95.62;96.48;94.34;94.62;339605
FR0000121261;01/09/20;94.96;95.30;93.10;94.00;285978
FR0000121261;02/09/20;94.98;96.70;94.78;95.78;321985
FR0000121261;03/09/20;96.80;97.92;95.04;96.00;380503
FR0000121261;04/09/20;95.46;97.58;94.68;95.30;410817
FR0000121261;07/09/20;95.84;96.32;95.06;95.06;344275
FR0000121261;08/09/20;95.34;95.66;93.12;94.92;433243
FR0000121261;09/09/20;93.96;96.14;93.92;95.76;318479
FR0000121261;10/09/20;95.84;97.20;95.74;95.80;375004
FR0000121261;11/09/20;95.50;96.40;94.54;96.38;309938
FR0000121261;14/09/20;97.06;97.26;96.04;96.04;277879
FR0000121261;15/09/20;96.22;96.74;94.84;95.10;339285
FR0000121261;16/09/20;95.10;95.70;93.88;94.96;466501
FR0000121261;17/09/20;93.40;96.08;93.26;95.94;402606
FR0000121261;18/09/20;95.98;96.14;94.56;94.62;846744
FR0000121261;21/09/20;93.98;94.00;90.70;91.00;567989
FR0000121261;22/09/20;91.20;92.24;90.96;91.46;372187
FR0000121261;23/09/20;92.50;93.54;91.74;91.88;461820
FR0000121261;24/09/20;90.86;92.08;90.76;91.42;469380
FR0000121261;25/09/20;91.50;91.52;89.40;90.94;431656
FR0000121261;28/09/20;92.20;93.58;92.10;93.56;381218
FR0000121261;29/09/20;92.70;93.12;91.96;92.44;394003
FR0000121261;30/09/20;91.64;93.32;91.34;91.72;664987
FR0000121261;01/10/20;92.60;92.98;91.16;91.48;514589
FR0000121261;02/10/20;90.48;91.42;90.24;91.22;388851
FR0000121261;05/10/20;92.00;92.64;91.72;92.00;424097
FR0000121261;06/10/20;92.34;92.86;91.98;92.28;749903
FR0000121261;07/10/20;92.20;93.40;90.88;92.54;713492
FR0000121261;08/10/20;93.16;93.84;92.28;92.94;484781
FR0000121261;09/10/20;93.40;93.90;92.34;92.94;503828
FR0000121261;12/10/20;93.52;94.72;93.02;94.36;605644
FR0000121261;13/10/20;94.28;94.52;92.82;93.44;415104
FR0000121261;14/10/20;93.74;94.68;93.32;93.48;386425
FR0000121261;15/10/20;92.00;92.18;89.96;91.02;616305
FR0000121261;16/10/20;92.24;93.94;91.94;93.64;491332
FR0000121261;19/10/20;93.70;95.10;93.04;93.20;294966
FR0000121261;20/10/20;93.16;94.58;93.14;94.20;425234
FR0000121261;21/10/20;94.96;94.96;93.02;93.12;347337
FR0000121261;22/10/20;92.96;95.58;91.58;94.68;563455
FR0000121261;23/10/20;96.50;98.32;96.06;98.18;804422
FR0000121261;26/10/20;96.34;97.94;95.84;95.84;446627
FR0000121261;27/10/20;95.62;95.62;92.12;92.30;691159
FR0000121261;28/10/20;91.00;91.34;88.70;90.30;859181
FR0000121261;29/10/20;90.18;92.00;89.98;90.64;631789
FR0000121261;30/10/20;89.16;92.72;89.14;92.64;556623
FR0000121261;02/11/20;93.02;93.14;91.58;92.70;478390
FR0000121261;03/11/20;93.58;96.54;93.52;95.86;541543
FR0000121261;04/11/20;93.80;96.60;93.56;95.76;485984
FR0000121261;05/11/20;96.46;98.64;96.46;98.12;649357
FR0000121261;06/11/20;98.02;98.88;96.38;97.20;496713
FR0000121261;09/11/20;98.06;102.90;97.70;100.95;1111481
FR0000121261;10/11/20;100.90;103.70;100.05;103.70;855082
FR0000121261;11/11/20;103.70;104.65;102.15;104.35;716236
FR0000121261;12/11/20;102.70;103.85;102.00;102.70;578483
FR0000121261;13/11/20;102.55;103.45;101.80;102.60;402170
FR0000121261;16/11/20;103.30;106.10;103.30;106.10;647278
FR0000121261;17/11/20;106.00;108.25;105.65;107.75;549356
FR0000121261;18/11/20;106.95;108.60;106.05;108.50;436570
FR0000121261;19/11/20;107.50;107.50;105.80;106.95;553988
FR0000121261;20/11/20;106.85;107.80;106.65;107.55;460584
FR0000121261;23/11/20;108.10;109.15;105.85;106.30;453797
FR0000121261;24/11/20;107.15;110.10;106.85;110.10;562994
FR0000121261;25/11/20;110.10;110.35;108.00;109.15;572309
FR0000121261;26/11/20;109.45;109.55;107.60;107.60;392297
FR0000121261;27/11/20;106.75;109.15;106.75;108.25;348353
FR0000121261;30/11/20;107.20;107.60;104.45;104.45;985022
FR0000121261;01/12/20;105.25;106.70;104.80;106.50;595752
FR0000121261;02/12/20;106.35;106.90;103.80;104.40;577995
FR0000121261;03/12/20;104.60;105.15;103.10;105.00;486450
FR0000121261;04/12/20;104.75;105.90;103.30;105.80;468456
FR0000121261;07/12/20;105.80;106.20;104.05;104.65;313128
FR0000121261;08/12/20;104.35;105.60;103.80;104.90;602844
FR0000121261;09/12/20;105.80;107.20;105.10;106.15;397505
FR0000121261;10/12/20;106.50;106.90;104.75;105.55;419800
FR0000121261;11/12/20;105.50;106.05;104.60;105.55;482089
FR0000121261;14/12/20;106.00;107.65;106.00;106.70;416815
FR0000121261;15/12/20;106.85;108.30;106.35;107.75;491299
FR0000121261;16/12/20;108.00;109.05;107.80;108.25;528675
FR0000121261;17/12/20;108.85;109.15;108.45;109.00;382084
FR0000121261;18/12/20;109.00;109.60;108.05;108.40;713276
FR0000121261;21/12/20;106.00;106.35;103.15;105.95;510506
FR0000121261;22/12/20;107.00;107.00;105.65;105.95;235359
FR0000121261;23/12/20;106.15;106.35;104.45;105.45;474306
FR0000121261;24/12/20;105.75;106.05;105.30;105.50;73738
FR0000121261;28/12/20;106.90;107.40;106.35;106.75;189398
FR0000121261;29/12/20;106.85;107.25;106.05;106.30;205207
FR0000121261;30/12/20;106.05;106.85;105.95;106.05;143244
FR0000121261;31/12/20;105.50;106.00;104.95;104.95;98245
FR0000121261;04/01/21;106.00;107.40;105.90;106.75;441435
FR0000121261;05/01/21;106.55;106.75;103.95;104.50;489621
FR0000121261;06/01/21;105.50;105.80;103.30;103.45;734216
FR0000121261;07/01/21;104.00;107.30;103.60;106.95;565411
FR0000121261;08/01/21;107.50;108.00;106.65;108.00;465971
FR0000121261;11/01/21;107.30;107.95;105.95;107.25;409589
FR0000121261;12/01/21;107.20;110.75;106.95;110.75;587342
FR0000121261;13/01/21;110.65;110.65;108.65;108.80;406474
FR0000121261;14/01/21;109.25;110.90;108.80;109.85;425985
FR0000121261;15/01/21;109.50;109.90;107.65;108.85;409711
FR0000121261;18/01/21;108.20;109.35;107.70;108.95;289292
FR0000121261;19/01/21;109.30;109.55;107.60;107.60;540429
FR0000121261;20/01/21;108.60;111.15;108.30;111.00;457630
FR0000121261;21/01/21;111.40;112.45;111.10;112.25;380996
FR0000121261;22/01/21;111.25;112.25;109.85;111.45;421287
FR0000121261;25/01/21;112.25;112.65;109.15;109.75;411289
FR0000121261;26/01/21;109.20;112.10;109.15;111.15;390818
FR0000121261;27/01/21;111.15;111.65;107.80;108.50;707203
FR0000121261;28/01/21;107.50;111.45;105.45;110.85;731890
FR0000121261;29/01/21;109.90;114.25;108.75;113.90;939794
FR0000121261;01/02/21;114.90;114.95;112.95;114.20;548885
FR0000121261;02/02/21;115.00;116.30;114.25;114.45;627826
FR0000121261;03/02/21;115.50;117.40;115.20;116.70;492454
FR0000121261;04/02/21;116.50;117.25;114.85;115.55;700068
FR0000121261;05/02/21;115.95;118.05;115.90;117.95;616504
FR0000121261;08/02/21;118.10;119.50;117.85;118.00;395979
FR0000121261;09/02/21;117.50;118.15;115.55;117.20;485979
FR0000121261;10/02/21;117.80;118.35;117.05;117.45;324942
FR0000121261;11/02/21;117.55;118.40;116.95;117.25;352156
FR0000121261;12/02/21;116.75;117.40;116.25;116.70;427894
FR0000121261;15/02/21;118.20;118.30;116.75;117.70;384874
FR0000121261;16/02/21;118.85;118.85;117.05;117.90;415439
FR0000121261;17/02/21;117.55;118.85;115.70;116.25;455584
FR0000121261;18/02/21;116.95;117.95;116.45;117.05;469857
FR0000121261;19/02/21;117.40;119.40;117.00;119.05;374586
FR0000121261;22/02/21;118.50;120.05;117.80;120.05;470991
FR0000121261;23/02/21;119.95;120.75;117.70;118.75;529812
FR0000121261;24/02/21;119.00;119.75;118.10;118.55;351809
FR0000121261;25/02/21;118.85;119.55;117.85;118.20;342550
FR0000121261;26/02/21;116.70;120.00;116.05;119.75;869987
FR0000121261;01/03/21;121.00;121.70;119.00;120.05;465605
FR0000121261;02/03/21;120.35;122.75;120.30;122.65;577785
FR0000121261;03/03/21;123.10;125.10;123.00;125.10;652584
FR0000121261;04/03/21;124.30;124.65;122.80;123.90;500533
FR0000121261;05/03/21;123.55;123.80;122.40;122.65;586252
FR0000121261;08/03/21;123.90;127.55;123.00;127.35;716626
FR0000121261;09/03/21;126.90;126.90;124.70;125.60;611592
FR0000121261;10/03/21;125.20;126.70;124.70;126.60;566335
FR0000121261;11/03/21;126.70;127.05;125.15;126.05;437517
FR0000121261;12/03/21;126.00;126.50;125.20;125.85;444227
FR0000121261;15/03/21;126.10;127.55;125.10;125.80;611559
FR0000121261;16/03/21;126.25;126.45;123.75;124.25;537014
FR0000121261;17/03/21;124.25;127.05;124.10;127.05;617806
FR0000121261;18/03/21;127.45;128.35;125.25;126.00;603266
FR0000121261;19/03/21;125.70;128.60;125.55;126.20;821375
FR0000121261;22/03/21;125.50;126.05;124.65;126.00;399882
FR0000121261;23/03/21;125.35;125.55;123.45;124.80;425721
FR0000121261;24/03/21;123.75;125.25;123.15;124.50;548672
FR0000121261;25/03/21;124.20;127.35;123.80;127.15;535692
FR0000121261;26/03/21;128.05;128.75;127.30;127.80;426728
FR0000121261;29/03/21;128.10;128.40;127.20;127.20;427685
FR0000121261;30/03/21;128.00;129.30;127.45;129.25;811163
FR0000121261;31/03/21;129.00;129.75;127.65;127.65;531316
FR0000121261;01/04/21;127.90;129.70;126.85;129.35;463449
FR0000121261;06/04/21;130.00;131.40;129.25;129.25;415639
FR0000121261;07/04/21;129.45;130.25;128.95;129.40;320148
FR0000121261;08/04/21;130.65;131.20;123.70;126.15;765004
FR0000121261;09/04/21;126.20;127.20;124.15;124.55;535421
FR0000121261;12/04/21;124.75;126.35;124.55;125.00;395495
FR0000121261;13/04/21;124.65;126.00;124.65;125.15;328207
FR0000121261;14/04/21;125.25;125.60;122.95;122.95;549273
FR0000121261;15/04/21;123.10;123.95;123.10;123.60;368151
FR0000121261;16/04/21;123.95;125.25;123.70;124.50;455863
FR0000121261;19/04/21;124.60;124.85;123.30;123.30;303525
FR0000121261;20/04/21;123.25;123.65;121.75;122.65;652840
FR0000121261;21/04/21;122.65;123.75;121.30;122.70;454202
FR0000121261;22/04/21;123.15;125.00;122.95;124.85;325899
FR0000121261;23/04/21;124.80;127.15;124.20;127.10;527528
FR0000121261;26/04/21;127.35;128.05;126.05;127.85;424780
FR0000121261;27/04/21;125.60;126.15;123.60;125.80;696586
FR0000121261;28/04/21;126.25;126.35;123.85;123.85;475167
FR0000121261;29/04/21;125.05;125.10;120.75;121.15;619496
FR0000121261;30/04/21;121.05;121.50;119.65;120.35;476624
FR0000121261;03/05/21;120.50;121.20;119.65;120.95;440585
FR0000121261;04/05/21;120.95;121.70;119.10;119.65;543068
FR0000121261;05/05/21;119.70;121.15;119.60;120.90;470661
FR0000121261;06/05/21;121.15;122.10;119.85;121.80;538571
FR0000121261;07/05/21;122.40;123.75;122.00;123.70;451000
FR0000121261;10/05/21;123.95;124.50;123.20;124.20;295619
FR0000121261;11/05/21;122.80;123.35;121.65;122.90;586699
FR0000121261;12/05/21;122.60;123.15;122.15;122.80;327233
FR0000121261;13/05/21;122.05;122.95;120.00;122.50;274011
FR0000121261;14/05/21;123.35;124.80;122.20;124.15;399151
FR0000121261;17/05/21;124.15;125.05;123.70;124.20;217012
FR0000121261;18/05/21;125.45;126.00;123.45;124.25;295793
FR0000121261;19/05/21;123.00;123.25;120.75;122.20;442330
FR0000121261;20/05/21;122.80;123.20;121.25;123.20;331981
FR0000121261;21/05/21;123.05;124.90;123.05;124.30;393843
FR0000121261;24/05/21;124.45;124.95;124.25;124.75;179404
FR0000121261;25/05/21;122.75;122.95;121.10;121.10;374814
FR0000121261;26/05/21;121.40;122.90;120.95;122.90;363107
FR0000121261;27/05/21;122.30;125.45;122.00;125.00;582132
FR0000121261;28/05/21;125.20;126.00;124.20;125.60;380437
FR0000121261;31/05/21;125.60;126.05;125.20;125.80;256553
FR0000121261;01/06/21;126.05;128.15;125.90;127.95;534396
FR0000121261;02/06/21;128.80;129.75;127.75;129.75;442919
FR0000121261;03/06/21;129.65;131.65;128.60;131.45;358319
FR0000121261;04/06/21;131.35;131.60;130.05;130.45;251244
FR0000121261;07/06/21;130.45;133.35;130.40;132.30;336072
FR0000121261;08/06/21;131.85;132.40;131.10;131.55;254800
FR0000121261;09/06/21;131.50;131.60;129.90;130.50;310847
FR0000121261;10/06/21;130.75;131.25;129.75;130.35;359336
FR0000121261;11/06/21;130.30;131.45;130.00;130.35;396582
FR0000121261;14/06/21;130.60;131.00;129.05;129.10;314532
FR0000121261;15/06/21;129.65;131.60;129.35;130.40;331384
FR0000121261;16/06/21;131.00;131.95;129.95;131.60;352318
FR0000121261;17/06/21;130.85;133.40;130.75;132.35;429900
FR0000121261;18/06/21;132.30;134.90;130.45;131.35;918087
FR0000121261;21/06/21;130.65;137.85;130.40;137.60;694480
FR0000121261;22/06/21;137.65;137.95;134.35;134.85;533779
FR0000121261;23/06/21;135.10;135.55;134.05;134.10;264038
FR0000121261;24/06/21;134.90;135.65;133.95;135.65;356314
FR0000121261;25/06/21;135.90;135.90;134.25;134.35;284626
FR0000121261;28/06/21;134.10;135.85;133.95;134.85;310040
FR0000121261;29/06/21;135.10;137.55;135.10;137.55;439981
FR0000121261;30/06/21;137.20;137.95;134.35;134.50;466610
FR0000121261;01/07/21;135.20;135.35;133.45;134.35;305140
FR0000121261;02/07/21;134.75;136.25;134.75;135.30;233663
FR0000121261;05/07/21;135.25;136.60;134.50;136.50;154593
FR0000121261;06/07/21;136.40;136.40;133.70;134.20;363190
FR0000121261;07/07/21;134.10;135.95;133.35;134.95;318684
FR0000121261;08/07/21;133.55;134.20;132.35;133.10;518744
FR0000121261;09/07/21;133.45;137.35;133.45;137.10;425283
FR0000121261;12/07/21;136.75;137.35;135.15;137.30;278163
FR0000121261;13/07/21;137.25;138.05;136.50;137.25;264348
FR0000121261;14/07/21;137.10;137.65;136.20;136.55;286616
FR0000121261;15/07/21;136.30;136.60;135.20;135.90;305002
FR0000121261;16/07/21;136.35;136.70;134.60;134.65;318194
FR0000121261;19/07/21;133.10;133.95;131.20;132.60;475300
FR0000121261;20/07/21;133.20;134.50;132.35;133.30;314051
FR0000121261;21/07/21;134.15;135.90;133.75;135.25;350503
FR0000121261;22/07/21;135.75;137.05;135.55;135.75;283882
FR0000121261;23/07/21;136.80;138.50;136.70;138.00;306725
FR0000121261;26/07/21;137.05;137.35;134.95;135.25;420264
FR0000121261;27/07/21;136.60;137.20;134.05;135.50;436455
FR0000121261;28/07/21;134.75;135.95;133.35;135.95;335251
FR0000121261;29/07/21;135.95;137.75;135.30;137.70;321017
FR0000121261;30/07/21;137.25;138.25;135.95;137.70;275089
FR0000121261;02/08/21;138.65;139.50;138.05;138.65;305154
FR0000121261;03/08/21;138.60;139.90;138.30;139.00;353968
FR0000121261;04/08/21;139.20;141.35;139.20;141.35;427367
FR0000121261;05/08/21;140.65;142.55;140.35;142.25;333193
FR0000121261;06/08/21;141.95;142.95;140.30;142.15;309685
FR0000121261;09/08/21;141.70;142.45;141.30;141.95;205691
FR0000121261;10/08/21;142.30;142.65;141.60;141.95;168442
FR0000121261;11/08/21;142.20;142.80;141.65;142.50;212652
FR0000121261;12/08/21;142.60;143.30;141.90;142.85;272062
FR0000121261;13/08/21;142.60;144.05;142.45;144.05;221892
FR0000121261;16/08/21;143.25;144.70;143.10;144.20;246113
FR0000121261;17/08/21;144.00;144.95;143.80;143.80;247905
FR0000121261;18/08/21;143.85;145.10;143.40;144.75;247707
FR0000121261;19/08/21;142.90;143.30;141.35;141.65;434772
FR0000121261;20/08/21;141.20;141.70;139.95;140.80;372101
FR0000121261;23/08/21;142.00;143.00;140.85;141.20;279392
FR0000121261;24/08/21;141.40;141.90;138.20;138.75;342108
FR0000121261;25/08/21;138.75;139.25;137.75;138.40;316146
FR0000121261;26/08/21;137.75;139.45;137.70;139.25;227046
FR0000121261;27/08/21;139.65;140.00;138.85;139.75;145042
FR0000121261;30/08/21;139.80;140.05;139.20;139.40;123487
FR0000121261;31/08/21;139.70;139.95;136.50;137.05;431586
FR0000121261;01/09/21;138.30;138.45;136.70;137.70;276127
FR0000121261;02/09/21;137.70;138.50;137.55;138.20;188632
FR0000121261;03/09/21;138.25;138.50;136.60;136.85;225932
FR0000121261;06/09/21;137.10;138.30;136.85;137.55;159797
FR0000121261;07/09/21;137.30;138.40;137.00;138.20;182130
FR0000121261;08/09/21;137.95;138.10;135.95;136.25;273392
FR0000121261;09/09/21;135.25;137.10;132.75;136.85;262183
FR0000121261;10/09/21;137.00;137.70;136.30;136.40;269305
